# Created by Octave 6.1.0, Mon Feb 15 15:09:49 2021 GMT <unknown@DESKTOP-GR4265J>
# name: v
# type: matrix
# rows: 10
# columns: 1
 0.69999999999999996
 0.5
 1
 0.5
 1
 0.40000000000000002
 1
 0.40000000000000002
 0.65000000000000002
 0.76500000000000001


