# Created by Octave 6.1.0, Thu Feb 11 17:14:58 2021 GMT <unknown@DESKTOP-FGE1TNM>
# name: v
# type: matrix
# rows: 10
# columns: 1
 0.69999999999999996
 0.5
 1
 0.5
 1
 0.40000000000000002
 1
 0.40000000000000002
 0.65000000000000002
 0.76500000000000001


